 64.4    0.0    0.00    0.00    0.00    0.00    0.00    0.00    0.00    0.00    0.00    0.00
 64.4   10.8    0.03    0.02    0.01    0.02    0.01    0.01    0.02    0.01    0.04    0.02
 64.4   18.0    0.04    0.04    0.02    0.04    0.03    0.02    0.02    0.02    0.07    0.03
 64.4   36.0    0.07    0.07    0.03    0.06    0.06    0.04    0.05    0.04    0.12    0.06
 64.4   90.0    0.14    0.13    0.07    0.12    0.12    0.08    0.09    0.09    0.26    0.11
 64.4  180.0    0.19    0.18    0.08    0.17    0.17    0.11    0.14    0.11    0.35    0.15
 64.4  360.0    0.22    0.22    0.10    0.20    0.20    0.12    0.17    0.14    0.42    0.18
 64.4  720.0    0.24    0.23    0.11    0.22    0.23    0.13    0.17    0.15    0.45    0.20
 64.4  960.0    0.25    0.24    0.11    0.22    0.23    0.14    0.17    0.15    0.46    0.20
 64.4 1800.0    0.25    0.25    0.12    0.23    0.24    0.14    0.18    0.16    0.48    0.21
 64.4 3000.0    0.25    0.25    0.13    0.24    0.24    0.14    0.17    0.16    0.48    0.21